4⁸4 VARIANTES LEOTIONES

511111111115111111111111111. Ρ,195,,..,,51111ι111115 515
15,151111π111511.11115.1’111511,5,111ι]151515111111,111,15,7,·111111,1,
711551115111910155115 p9.10. 11115. 111111 1551115551]
,11.9 ΙΙ115.1,.111111111111,1.1
11155511111, 5,111111·15,11111ζ111, 9.10, ι,11115118155111171,19 11115,
11910155111 15711111]7111111ξ511111119,1,,0111111115,515,
1111111511,11,,,..·.,15511111910, 1111151111. 9,111-· -1χ5111]115111ἰ
511,Ρ,15111111.Βο111.15511117151111111115157111111171511111111 71, 19,
1,,11151,1,910,1551111, 15571- 1115411111115111111151111111, 15115·
711,.,1111115 1511111511119, 1111111511. 11,5111111117,,..111115
11151115.19.5111151511,51111’1511-,,910155111 1511111515,
115. 20. ,1111111 51,,11111111111 15,11’115115.,511 15,1111111111.1.1
19101551115111511111919101551111 17,1111]11111’11111
54,151111.’11]1“111111’,1111 11115.11111”1111111,.,·1115 11111, 51111111,,1111,
55151115 11111111. 11.ω11111111.11.11 111111111111111151111515.
1, 11111.111111111111,51111, 1111..11111 ι511115, 1]1111,1,,,,11915
&Uos 51111, 51151511111111111] 1111111119.
Ρ,159.5.11111111111.11,1,19,10, 10,,5111
111111 1111»,,1,,11111,1.11.1,1ο. 1111111511111111111151.
155111115111111111115115711111155111115. 51111111,,19 5,
1111,,.,,,111110111119 11.-11111111 1111]11151Μ11,11,115.1,5,1,11,1,111,9.
11111111.11.1111111111. 11.,1111115111111111111111 11115115
11111,11, 15.1ᾷ]1111.1111,χιι,1-, 111]11111111111,15,,,,.1151111155151-
1111111151 15....Ηπ1151115119χ111-
11115111. 11.,111111111 15, 11115, 111111114511111910111551111111
1118111111Μ1191015Ρ5111,55,5171115111111111111171111115 5.
1115111111, 2111115115,111111.5μ11511111111]·11151511511111.1115151ύ1
1111111,111,9,1,0 115115155111,15,11’,.1511511..ΡΜ11111,5111111
1111115151 nul-..wama 111....,111111,,,,1,111.μ,1
1110111119,1111111111111,1ν111]111515111511.111111111111ο
,11111111111111111191ο1111111 1011111111]
Ρ.190,1,1511·1,·11511, 5751111111111115, 11,11111ιῖ1111,,1910.
AAAA ··A: AAA· AAAAA 11151
111511115111111115111,511.5,111915111111,,115 9,10,5111,Ῑ1115,
11]7111111111515111 11115,,71111’ 11117511171111,Ρ11.15,15111111111
11111111,11115,511111111511]5111111119111111. 115111111151111111, 11115,
1,119,,10 51515,10,51155111111,.1111111111111,11,1,5,,11.1,.,11910.
111157111111111, 5111. 11115. 1115511111 15, 1,,115, 511. P. 11111111, 51111, 11115.
19.1.0 15,τ11111111111111.511.111111111511119105151111151111,
1115115, 1511111111 15, 1111.11,111111171 .p9. 14,11111111”1111,1,1..19
111119.,51111 111χ1111υ511]111111- 10 5111 11115,1111111,.,111115.1111
11151111,51,1,1910151,1115 1111171,19,11115,111151·1“1116μυ1]111“
51111, 1111111, 1111515111. 11151111 9,10, 51111, 1511111515.
Ρ,191,,1,111111111,1 5,-1111117111 1511115511111151111111711,
11111,511.1111511111111111111111515111-9 11111111]1111111111,15.
111111,,,,11155111,,,,,,ο11910151.1115111111111,111.5 nuptum
111π11.’1“111,5111,11111111’1111115111-5119105111,
11111, 5,5151111τ1111,.11 lump· Ρ,19115,,ΕΚ]11011011111“111.9
1111111111111111910155115 10,1,,55111 111-- -111101111118,
111111. 1115,11111111,111111,1,,15 4,...1111151111111111 19.11). 15.
11115 pACwmmnAochpussovmmo· 51111,110110115.8,51111111111111,
1111111111,11,15,,1119,1015515 11151111511, 1115111111115 9.
11111.φ111,,111,η1,,1111,111111. 511111111111111.11,11.9.15,5115.51
11,111111“11]11111111,110,11,1111111 a:
115 1511115111μ,,..,1111,1,1,111111.1111111.111.115,
1,ρ9.1ο.[1111111111 1111]51111,11,11111151 11,11115.1111’Β111,
11115,1111]11111111115,11115,τ115τ1·1111.14,751 om: FeA.P. 111111, 11115, u}
71,1117111111111111111,511, 15111111, omi. 17 χ11111111]511111111111
1111111115 51111111 1111511111,11,115,15111]1111 AAoApnpl.9.
10,15,11111111111111115,,11111111111 1015111111 21511111, 55111115·
15,.,111111111λ511111111,11,5,1,1111111]1111115111111,111111,1’11111111 ι
9,,1015,ΑΙ5,11111.511,Ρ.1511111,11551119101551111111,

51111, Ape-c·- ·111111 om. 115.

 

